time,x,y,z,phi,theta,psi,x_velocity,y_velocity,z_velocity,phi_velocity,theta_velocity,psi_velocity,rotor_speed1,rotor_speed2,rotor_speed3,rotor_speed4
0.06,4.441042560339406e-08,5.102936791419812e-07,10.000291297242471,0.0004837092221707806,6.28310777929169,0.0,4.797430087157066e-06,4.1592733089768304e-05,0.009709755306017531,0.02063682178943134,-0.004010638345531663,0.0,408.1354467831191,407.7774284827159,405.61305776235434,407.46175516791203
0.12000000000000001,3.1926194864027276e-06,2.4085240672487626e-05,10.011471229015125,0.0022659795665580518,6.0581970988238254e-05,0.0,0.00010407608877190656,0.0009609823712489281,0.3629096720171432,0.043486644854469604,0.012622185240446716,0.0,509.81665668758103,511.00346339848414,510.7155958528728,512.3426100168346
0.18,5.268909151459514e-06,0.00013907767660912938,10.036458746819715,0.004812267876326715,0.0007865810666292106,0.0,-0.00011131286190992862,0.0031377307450751162,0.4699681727174735,0.040254697780937966,0.011034598150822887,0.0,438.9532365961661,438.82137159993937,439.82850449216176,439.56179891442804
0.23999999999999996,-2.3310199934630065e-05,0.0004509602027215167,10.070491148877531,0.0072913762145176975,0.0018589149777064051,0.0,-0.0009449000377169475,0.007541787825342667,0.6643503103901964,0.043364847337771885,0.028890031549522636,0.0,466.2440403337885,467.63668502522523,465.233558877662,465.47779680472524
0.3,-0.00012824377919165897,0.0010737955672357393,10.114513393824314,0.010438007007867789,0.004109489856114479,0.0,-0.002771576721850837,0.013533021635457021,0.802967077477509,0.06623690606786072,0.050759660063058105,0.0,448.1371207798394,449.91164010186316,448.983172481635,450.83640319738817
0.36000000000000004,-0.00040114032183707183,0.0021403411074744478,10.167804080903702,0.014534035818269508,0.007326017267783591,0.0,-0.0066769475199196585,0.022470911180080225,0.9732521250187274,0.07204456655738112,0.05877026308365976,0.0,458.99161238436346,459.62861418093485,459.16492104511536,459.62870299435104
0.4200000000000001,-0.0009692917332106313,0.0038105679474907,10.229527569582043,0.019003445101982486,0.01042721311840289,0.0,-0.012610577862790098,0.03365760012820018,1.0840880952955088,0.07897807704389427,0.031184039809433642,0.0,443.0197770435604,440.7475910361938,440.4847131192957,441.0620265600134
0.48000000000000015,-0.0019512723395559723,0.006244840893588099,10.297778718044151,0.023373212816158784,0.012730084333757219,0.0,-0.020338964088247445,0.04795615968276439,1.190832154773122,0.056227107516882445,0.0498644787144762,0.0,439.3683894899819,440.9149378816963,441.3663425606078,439.4888882244772
0.5400000000000001,-0.0034560451195727545,0.009634471349552398,10.372914251497958,0.026375600730789373,0.016326623016711395,0.0,-0.030171029059272575,0.06536860335355096,1.3135384957972709,0.03328373909510926,0.07487722013165424,0.0,444.3772361372161,446.42505951490153,446.645291697621,444.771870013296
0.6000000000000002,-0.005598873836241556,0.014074398750135957,10.453424887745532,0.028425340267159704,0.021107620338090882,0.0,-0.041700084076084845,0.08282019779443321,1.370068971932186,0.03586366250001933,0.08788093689847273,0.0,423.5102437018094,424.6324978076372,425.29624414330806,425.5176746198656
0.6600000000000003,-0.008547837502396603,0.019627593611625926,10.538200323594173,0.031218116194566825,0.026308072199872967,0.0,-0.05711966697604685,0.10253525063431737,1.4556527910565238,0.062148605519673654,0.0841461802371962,0.0,434.48773172144865,434.1809300195305,433.22557057186225,435.43110905183147
0.7200000000000003,-0.012528782149904228,0.026427580983155983,10.628177962500345,0.035124547696530506,0.031717093922161155,0.0,-0.07610164945632775,0.12450953717895316,1.5434578100571876,0.07044770721840361,0.10004483801639354,0.0,433.621773374551,434.9620812833742,436.0168932790716,436.71281611394636
0.7800000000000004,-0.017943434980901757,0.03482559440308102,10.728950747358182,0.03938213312101979,0.037658127288509924,0.0,-0.105135331953491,0.1559491778986244,1.8151947961647141,0.07196415481393201,0.09688018717381015,0.0,491.30097594853606,491.07371113182995,490.62570590725636,490.7416125902063
0.8400000000000004,-0.02507765404675604,0.04503846459770744,10.841503655766292,0.04337920665886674,0.04340658447546186,0.0,-0.13327254784797393,0.18491034672703988,1.9363244777287032,0.05290430422642825,0.09357301934031025,0.0,446.9402541980466,446.67841492068357,448.23127332961093,446.6829273582717
0.9000000000000005,-0.03404003586811843,0.057087341375179755,10.961724371473093,0.04660046129859996,0.04874025802685367,0.0,-0.16605222493082436,0.21704874864236487,2.070750545620508,0.05520925906230997,0.0773526198038908,0.0,451.452044005832,450.14779701988516,452.66698616257094,452.85426561397657
0.9600000000000005,-0.044781030963850055,0.07084938287776754,11.083960251995943,0.05030960842178889,0.05335378088434428,0.0,-0.19234533673511062,0.24196282683801895,2.0038621948549378,0.07253268375911595,0.0759551901545717,0.0,385.8868708351317,385.76060684691726,383.99533669448425,385.6384311659507
1.0200000000000005,-0.05751207526028321,0.08648701917497535,11.208439554935683,0.05470743803982536,0.05798527691457522,0.0,-0.2325066364582134,0.279748454248494,2.145131561975006,0.07478307233318114,0.07955500663571292,0.0,453.82134550245365,454.1147679539442,454.63966513933417,454.823966087544
1.0800000000000005,-0.07264628422227568,0.1043849361190308,11.33952972249627,0.05881751360935805,0.06310283277355389,0.0,-0.2724503189155565,0.31726620128877,2.2243246915831802,0.051382181567125464,0.09481935648998115,0.0,435.146366665406,436.42828719989114,436.2977567189336,434.3431967179853
1.1400000000000006,-0.09056585797641209,0.12487130759202786,11.47975159200451,0.06175347739124959,0.06896604527699512,0.0,-0.3255373848851979,0.3659430063005611,2.449198839888847,0.043520547452016646,0.10296481695852225,0.0,480.3645225589677,480.9891419152266,480.56884730102985,479.97387670867465
1.2000000000000006,-0.11152661025795485,0.14809023313649228,11.62933394392531,0.06399015868308044,0.07510881030763539,0.0,-0.37375940532923246,0.4082499455316036,2.536612511419929,0.02030522117519384,0.10118314011339662,0.0,439.49958969722866,439.3611252634358,441.1651945888607,439.2448025053587
1.2600000000000007,-0.1355899638822986,0.17395758087867613,11.78525409408458,0.06522720958143591,0.0809742713776549,0.0,-0.4289635343265012,0.454098424258222,2.6603674006889064,0.021234845283734084,0.08984050568613719,0.0,451.80940566743834,450.90198559423834,452.2075573946598,452.28240994193357
1.3200000000000007,-0.16288562029741105,0.20243886645118736,11.94611047315137,0.0667094271128299,0.0868173554741336,0.0,-0.4814127473437393,0.4953923709991252,2.701342199464697,0.03086718181975278,0.10930574790886255,0.0,425.4614963892813,427.13316808625365,425.5979685826911,426.42171805304014
1.3800000000000008,-0.1939891531488497,0.23384057127276042,12.11558469521253,0.06814740761244042,0.09359579649364669,0.0,-0.5561451375287512,0.5514893611810555,2.9470738459708405,0.004272314872039442,0.11944733388156507,0.0,488.39436216314476,489.16019337428907,490.7601508838468,488.78221185620896
1.4400000000000008,-0.22926319379083546,0.26828637803249844,12.29468301979784,0.06865869310984962,0.10080250646217959,0.0,-0.6203467108767502,0.5967171142837275,3.0225705655109603,0.01589422181555241,0.12140753167121368,0.0,440.0345713511127,440.20996781575496,438.00154490390327,438.9669349327715
1.5000000000000009,-0.26875375447881145,0.30560328918866636,12.480430484431896,0.06931405502752597,0.10774112341162301,0.0,-0.6967445267099174,0.6472285197147142,3.1684889596574974,-0.0015588181015992473,0.10047848113761747,0.0,462.8431507118316,461.20421360326947,462.50255116484396,461.12577801847306
1.560000000000001,-0.31333294131942746,0.34618389889678713,12.678161752632263,0.0691167158104502,0.11373885988776422,0.0,-0.7899003525624879,0.705373622508908,3.4216928278078043,-0.006995931299846197,0.09891019302063825,0.0,495.2295714667101,495.12169445674306,494.0760450836867,493.67508157479335
1.620000000000001,-0.36304982091865073,0.38988252755600433,12.885840374358004,0.06832673189465677,0.11936106910196909,0.0,-0.8678788447849696,0.7511593065285043,3.5005789570365278,-0.029865077243495616,0.08046340172121323,0.0,445.3136785314469,443.8093917423103,444.3253571680955,442.44649993189927
1.680000000000001,-0.41753974216574086,0.43629438456539443,13.098089694315641,0.06626649647455185,0.12551879547934774,0.0,-0.9489857947659455,0.7956824339013614,3.5740662980171116,-0.045252464177342654,0.12805808427125606,0.0,441.8957750605042,445.8101643810514,442.7615701255759,441.4931900135309
1.740000000000001,-0.47727657684151603,0.48545794977648177,13.316665163845041,0.0640217805176917,0.13376926011599544,0.0,-1.0430497126797227,0.8427890925629467,3.711187705926569,-0.025113881090599345,0.1517226684548673,0.0,462.1449923082448,464.0228778116923,463.2063443359985,464.78674188405233
1.8000000000000012,-0.5422084996851034,0.5371020252302585,13.538786454393557,0.06236014736999973,0.1435192107934613,0.0,-1.1221602991982202,0.878529225757897,3.6927552776752797,-0.033429216201739324,0.1781905682023252,0.0,413.5329094867713,415.8845522049448,415.33605490979045,414.60579505074736
1.8600000000000012,-0.6131564396901857,0.5913203635450993,13.767245925082861,0.060423058605699964,0.154162210900874,0.0,-1.2439477187133678,0.9284335550370759,3.9215226012817928,-0.03008937843961731,0.17572046516602066,0.0,492.08510483576293,491.9292196504002,492.29000086392546,492.536801831234
1.9200000000000013,-0.6918469270958185,0.648547109365557,14.010485950770098,0.05856558675075085,0.16477560369403754,0.0,-1.3802505253610262,0.9788055795288357,4.18522335235942,-0.032753681904162675,0.17912856406283797,0.0,503.3868594324659,503.6595556408787,504.96210169401763,504.7696560963609
1.9800000000000013,-0.7782455738909396,0.7084853777306572,14.265085385879019,0.05674859922378683,0.17533990198495175,0.0,-1.5007393910997378,1.0188846866183836,4.30069896621146,-0.02575142666320979,0.16913539878940778,0.0,463.91899133093403,463.16199369782277,462.57469555927776,463.12556506591966
2.0400000000000014,-0.8718314958150964,0.7707026590502568,14.525088243532764,0.0548041879346135,0.18600835477738809,0.0,-1.619754244140987,1.0548172597059833,4.365518448002726,-0.05104591654546598,0.19110716648487544,0.0,448.62988135078,450.44015308407046,449.33572357740707,447.2796997116545
2.1000000000000014,-0.9723879958627748,0.8349174530380038,14.786911352752437,0.0521523853447583,0.1972551499970283,0.0,-1.7331135373373385,1.0854002085618872,4.361634509747253,-0.03316607665188513,0.1788955796181128,0.0,428.6608678107102,427.6572420513235,426.64971592856085,428.17246109012507
2.1600000000000015,-1.0792860611407662,0.9007499149608723,15.045204454484457,0.05014900429732272,0.20793875113599114,0.0,-1.8310001472282567,1.10887003952109,4.248312081167489,-0.03384059504153763,0.17633690416317732,0.0,390.6085252841964,390.40519472318437,389.94565188634954,389.8820153238255
2.2200000000000015,-1.1932191641829595,0.9681922233305373,15.30137864290665,0.047941565670859276,0.21810604372462805,0.0,-1.9677062791010729,1.1389699877295325,4.290309301560499,-0.043460390834077885,0.1498844005756957,0.0,444.4924525856766,442.346104345728,443.43581603723857,442.64413497609866
2.2800000000000016,-1.316109755545896,1.0375112006707439,15.56254198751661,0.0453776127643426,0.2277597113966472,0.0,-2.12952257091177,1.1713330264993715,4.414252142258856,-0.04131560412763236,0.17683711483625297,0.0,469.04816564314075,471.15935770259745,469.9599304641552,470.12526809091156
2.3400000000000016,-1.4480203132487912,1.1085379349823727,15.827215047126487,0.042722142255544604,0.23813292090923355,0.0,-2.2684045840398888,1.195973099918752,4.4078214747562665,-0.05090698604827825,0.16352155250705727,0.0,430.4071550323797,429.3082816311422,431.27040641444097,430.45819832261526
2.4000000000000017,-1.5890527688749054,1.181094029017456,16.093916751812277,0.039997457680759574,0.24846906948073322,0.0,-2.4335884586402714,1.2222349412180658,4.4814842647553785,-0.036220724094655384,0.18565924116607627,0.0,455.33418315580246,457.1291693733017,457.5745001538083,458.7411151653735
2.4600000000000017,-1.7407172847990589,1.2552473109238762,16.366945247313428,0.03800813210188725,0.2600175264302571,0.0,-2.6229498006521275,1.249259391989678,4.618317326531104,-0.027639600029751292,0.2034481977187121,0.0,477.84985200357033,479.2370245135075,477.8778130523555,478.5311919019142
2.520000000000002,-1.9037342568752789,1.3309368145748828,16.647096236868965,0.036072672413903106,0.2721272782004931,0.0,-2.8120460039067776,1.2734901048944145,4.718985205776179,-0.04361972485319727,0.19838315444723612,0.0,470.3050867714764,469.95004513763143,469.96734523901864,468.72655603266907
2.580000000000002,-2.0777506203414773,1.4079553887815375,16.931064271434206,0.034107469528863454,0.2839756284513646,0.0,-2.989523222899163,1.2935528771736098,4.745888371348516,-0.01695125404416803,0.19558926117949488,0.0,448.74919715253577,448.56003783233604,447.4932813202102,449.6586990312477
2.640000000000002,-2.262834047280076,1.4861629484948484,17.217218311942418,0.03299940663863232,0.29514417244242264,0.0,-3.1809233119876748,1.313225715266292,4.7917023822014935,-0.021687336487338876,0.14989522127457175,0.0,458.0634008067442,454.4453310188902,456.62380028950537,456.24583158126165
2.700000000000002,-2.459139551352159,1.5654734842718043,17.504492651785956,0.031980034829478754,0.303896788822108,0.0,-3.3633535288048613,1.330331715326835,4.783567438177758,-0.00894706689461158,0.13631425208904105,0.0,440.3855642309276,439.28061001016545,440.7237210736455,441.77572540077716
2.760000000000002,-2.6674905540922937,1.6458853309512158,17.79418100503563,0.031051828135707282,0.3115191970637943,0.0,-3.582335623044148,1.3499512816694772,4.871644563255597,-0.033566109452351556,0.09258612477862209,0.0,473.99626259313055,470.6358230207154,474.05889938831774,472.1631247901088
2.820000000000002,-2.887859918577588,1.7273244670581618,18.085121880459575,0.02954212819811275,0.3178264621959457,0.0,-3.7638705790756615,1.364526673781727,4.826080507684333,-0.01216983381339776,0.12264502681653933,0.0,430.20187323985124,432.74963240528433,430.3247529821704,432.1322990805779
2.880000000000002,-3.1192509509390898,1.8096132820866055,18.373282941265117,0.028629080691459308,0.3252166492841422,0.0,-3.9498277396632195,1.3783479843871023,4.778909042294526,-0.022140922329611575,0.12419815658962297,0.0,431.2132015370841,431.3586594070961,432.3300653983459,431.48902724212934
2.940000000000002,-3.3621172673349444,1.8927259784311288,18.65907415738483,0.027446471325085042,0.3327201674342861,0.0,-4.146382678334431,1.3919476484381217,4.746969391673081,-0.015245261656507568,0.12672467762884834,0.0,437.4096017462141,437.6344782190917,437.5583708286935,438.1321971871102
3.000000000000002,-3.61791825827438,1.9767104021147353,18.945742153715972,0.02606641993899661,0.34026755379901985,0.0,-4.380928558824966,1.407392481639861,4.807576557870614,-0.04681428622934401,0.1238532134735178,0.0,469.57415415161853,469.36478426365903,470.0302783899835,467.5767091689614
3.0600000000000023,-3.8879005177271995,2.0615788039730756,19.235793384162683,0.023170387376034718,0.3475470729220147,0.0,-4.61907663311984,1.4212436433685944,4.859761692989423,-0.05134295658449862,0.11572418135916844,0.0,468.5945363950729,467.97451440297726,469.31419853436574,468.96120284932715
3.1200000000000023,-4.172083545444177,2.147201188088894,19.528200169673738,0.02000980668611252,0.35445650695496056,0.0,-4.854270715201563,1.4325173308597559,4.886214238678317,-0.055485065808246,0.11399962491542351,0.0,462.5700298866079,462.4454486154815,463.02842255717616,462.7006859629154
3.1800000000000024,-4.469628056460709,2.23338940506004,19.819674082021905,0.017049958307167046,0.3611121518483138,0.0,-5.064533274701132,1.4401554663256217,4.829119938053106,-0.039228436873471675,0.10394682973609043,0.0,437.79403452183965,436.9676586115483,435.78154896505526,437.13699250404665
3.2400000000000024,-4.780670203260349,2.3200203180196257,20.109609591856724,0.014862780686399901,0.3680975462528391,0.0,-5.304119564191402,1.4473179632011668,4.83452012597407,-0.03141230763771061,0.13388738476075257,0.0,458.0505571008738,460.4370995423489,458.3251922937777,458.94554552291856
3.3000000000000025,-5.106706013129401,2.4070572303769477,20.40095399038305,0.013006615375858566,0.3761385552034451,0.0,-5.5643808835769235,1.453712165860793,4.875738380029378,-0.030000429414621808,0.13427414890095138,0.0,472.18368428796464,472.2289191496747,472.83571238591185,472.9442310578738
3.3600000000000025,-5.447130399282496,2.4943947086151113,20.6911027780959,0.010972518095317518,0.3840456875999596,0.0,-5.783863684109543,1.4573795276274517,4.7953675213174725,-0.04314110883026141,0.12628176546603365,0.0,435.29589550437316,434.64272186620667,435.1570002791372,434.05479099709834
3.4200000000000026,-5.799489528554477,2.581880532482865,20.97290316157935,0.008719983193795855,0.39134906169014716,0.0,-5.9623289069314325,1.4586688592004415,4.5981670866885995,-0.028205891662550178,0.11055430977044607,0.0,393.8997644761497,392.4575667663133,392.67680539079237,394.05932717254274
3.4800000000000026,-6.16580848752168,2.6694802766226142,21.250332021187365,0.007008629883683781,0.3981529467238927,0.0,-6.248824716749259,1.4611447602969887,4.648100419869629,-0.029163423735184702,0.1185482527879102,0.0,479.2685311774599,479.8862245192443,478.54120519490476,478.46813607526343
3.5400000000000027,-6.548758854873817,2.7571818847812537,21.52889870410549,0.005054432208630999,0.4053964032200925,0.0,-6.516824161786747,1.4620723801585618,4.636387863622066,-0.040441515347800334,0.12475159136194162,0.0,462.4698795634112,462.9708381754276,461.8779385146337,460.98701873442013
3.6000000000000028,-6.9475616501121715,2.8448970755517244,21.805710390213246,0.0025512985029347846,0.41238790373364154,0.0,-6.777303037484721,1.4615591208323229,4.589757783075451,-0.044403749968942294,0.09006890501081297,0.0,454.46742516615086,451.68950569449584,452.75624608218055,452.436368405173
3.660000000000003,-7.36206225110401,2.9325379855663583,22.079399093617184,6.282908052420429,0.41749215409910967,0.0,-7.0399905913771486,1.4595812902314966,4.532422349129331,-0.05327388948551255,0.07251436676785171,0.0,452.524146040799,451.11418644014265,450.88004920913767,450.1613458507673
3.720000000000003,-7.793938601275491,3.0200094145048015,22.352854133354167,6.2795038039086,0.4221499337006147,0.0,-7.356242857417872,1.4558175758585328,4.5812754818321,-0.06476116441978742,0.08627654889036407,0.0,487.34744229023715,488.37939341245533,487.8887205038016,487.02816779483
3.780000000000003,-8.242261609220769,3.107212754488586,22.62315152399581,6.275652926235416,0.4274022373247188,0.0,-7.588682400837719,1.450704890493222,4.428395282284759,-0.06304660237110073,0.08994806286221571,0.0,422.1270645341358,422.45065200591966,423.0541071263326,423.19851850459276
3.840000000000003,-8.706635101409153,3.1940234164150954,22.88846026569112,6.271636458655074,0.4326697017036496,0.0,-7.890989821153545,1.442658574720821,4.413999807640816,-0.0761584490383986,0.08308805507242187,0.0,471.70965696432154,471.1853671636099,471.57331149095984,470.55599433805406
3.900000000000003,-9.18891104915059,3.280290886070636,23.151904139813382,6.267236519903733,0.43755950285918566,0.0,-8.185492000077154,1.4325726706052202,4.366417993852886,-0.06820954237408206,0.07810948360645076,0.0,463.9456194357946,463.55951614149456,461.8853504609081,462.5080159089328
3.960000000000003,-9.687612173833449,3.365934314838624,23.409357518284413,6.262906329947562,0.4427667465845957,0.0,-8.438749811382408,1.4219403658822802,4.21495774647535,-0.08157382907111069,0.10010259197978702,0.0,428.64495836362335,430.51679200416675,429.4743698002509,428.3346761695162
4.020000000000002,-10.202594061817202,3.4508441329312176,23.659532990643864,6.259592007195739,0.4491324811571431,0.0,-8.728110854317832,1.4081232769254708,4.123258031578905,-0.027212142757970518,0.11597354554139948,0.0,450.732897082626,452.02361638417744,449.45165402706346,453.83432156122075
4.080000000000001,-10.73341444990595,3.5349712130176556,23.900513052380678,6.257908357830171,0.4557198488446952,0.0,-8.96699002824527,1.3960327330924942,3.90917313739711,-0.02981433110700262,0.09305908857378847,0.0,410.50631355919927,408.4787088534639,409.70467222789745,409.4728874959644
4.14,-11.280790193317939,3.618251802025976,24.132675340571392,6.2561599730912185,0.4609361384241675,0.0,-9.279628804646306,1.3798902069328407,3.8284209840362378,-0.027823810047955505,0.07044453291785777,0.0,458.6674092718704,456.8731740810526,458.7552214618297,458.91307466154547
4.199999999999998,-11.847708086859852,3.7005103769381438,24.36103306450028,6.254147174291937,0.46504266806555794,0.0,-9.61827046259771,1.361962227098396,3.7821329191049955,-0.048579326345955263,0.06410462162507273,0.0,472.6213954364733,472.13558327846295,473.3967681997871,471.79606610003543
4.259999999999997,-12.434376633845819,3.78170725254143,24.584946971970055,6.251071198477204,0.46857376019352515,0.0,-9.938147456484401,1.3444205398684999,3.6806407834980264,-0.057267001944075795,0.04545090689776957,0.0,457.894867645197,456.4102972162955,456.9411247007009,456.24619071360746
4.319999999999996,-13.04005411595807,3.8618353008295156,24.801884631407592,6.247300513657105,0.4709228830236052,0.0,-10.251990809504315,1.3263040347627064,3.5498169323049464,-0.07735742072402174,0.021959288347235664,0.0,448.79261461202134,446.8819200243007,450.9253996493405,449.2960408468248
4.379999999999995,-13.663729062557726,3.9409015450952696,25.008825999963282,6.243008052427989,0.4724286245587761,0.0,-10.53831218578524,1.308997881223467,3.34795463662657,-0.061903977457538985,0.030727118641685355,0.0,424.57801416512467,425.32997806337653,424.630539238098,425.9503053751345
4.439999999999993,-14.305859542433332,4.018802014170359,25.20562894298834,6.239393967233919,0.4741305809655838,0.0,-10.867010942393874,1.287481693714499,3.211314706907948,-0.057090780352032036,0.023168229048329707,0.0,449.31925985350506,448.70604786628775,449.82484014599305,450.2120422459064
4.499999999999992,-14.969307556057057,4.095251668718096,25.39677898632458,6.235838266873465,0.47539587188605115,0.0,-11.248653878944616,1.2606381383442187,3.1589000023600047,-0.06399919887480142,0.01656512876116383,0.0,480.2109662233008,479.70963563894657,480.56912507650463,480.0428456306845
4.559999999999991,-15.656268610205696,4.1700051716359114,25.585385186452253,6.231783644362665,0.4769626199661836,0.0,-11.650757109596602,1.230912907195355,3.126288466353348,-0.07591118587082757,0.04045087649651556,0.0,488.58498427489354,490.3631412166386,490.6101085801013,489.72160486208764
4.6199999999999894,-16.36477000353136,4.243201878114697,25.766396589501955,6.2270032090125635,0.47894019086376005,0.0,-11.967362303577058,1.2087604132491574,2.9069031949313553,-0.0885187620129977,0.010509778968257668,0.0,431.3107479563922,428.7740887292984,429.2010366787822,428.1238572783636
4.679999999999988,-17.09343625136157,4.314925999823411,25.935833982451413,6.221541465496159,0.4799376499617116,0.0,-12.32279943281152,1.181767416480272,2.7401542612099212,-0.0965884594390796,0.026675224517968082,0.0,448.8810680779918,450.191343477596,449.9362062351655,449.2753042325017
4.739999999999987,-17.843962841446313,4.384941714491363,26.09559476264431,6.21559369902749,0.4814711835372325,0.0,-12.696073910048092,1.151795286437686,2.5841037618156872,-0.10476411621882312,0.02322747220118439,0.0,455.43626957257106,455.16043616040787,456.0829510852252,455.42106113330834
4.799999999999986,-18.61704265180589,4.4531141161438095,26.24554336960592,6.2096431614557055,0.48249832718710817,0.0,-13.074695496388262,1.1203278229008833,2.4131173373570127,-0.08985810840064866,0.0006580801104130634,0.0,453.89891326825125,452.0833524172625,452.25950991192485,453.4505276922223
4.859999999999984,-19.41288006281918,4.519380890553151,26.384530116067122,6.204349231111429,0.48261963013529563,0.0,-13.454825155498234,1.088334669677382,2.218894597042663,-0.08516593459681115,0.0046184872380647425,0.0,447.2783196197875,447.60081197726794,446.6534903845391,447.02969793654296
4.919999999999983,-20.231097633427243,4.583799617598976,26.51023179189893,6.199258373199026,0.4833627058104888,0.0,-13.820982159473548,1.0587690718187,1.9705134962590194,-0.08421891890311418,0.024592153820423696,0.0,429.530916738765,431.2219986396528,429.00587305633826,429.0801198129376
4.979999999999982,-21.071223405985307,4.646481436902134,26.620031160231157,6.1947487004534345,0.4851564824951611,0.0,-14.185282763841078,1.0304848654562513,1.688812777771431,-0.06139565254528984,0.03881675453478097,0.0,419.2856460384055,420.5204229125748,417.2720464481186,419.25539373280327
5.0399999999999805,-21.934709299295584,4.7072622420863395,26.71481423662261,6.191068707103613,0.487501440351517,0.0,-14.599513307363711,0.995480753422896,1.4692983235197863,-0.061208710045507236,0.039609019060420476,0.0,443.94748445979707,444.01326801991706,444.0313165566215,444.0439683353073
